              precision    recall  f1-score   support

           0       0.98      0.99      0.98       980
           1       0.98      0.99      0.99      1135
           2       0.97      0.97      0.97      1032
           3       0.96      0.97      0.97      1010
           4       0.96      0.97      0.97       982
           5       0.97      0.97      0.97       892
           6       0.98      0.98      0.98       958
           7       0.97      0.96      0.96      1027
           8       0.97      0.95      0.96       974
           9       0.96      0.95      0.96      1009

    accuracy                           0.97      9999
   macro avg       0.97      0.97      0.97      9999
weighted avg       0.97      0.97      0.97      9999
